section,sl_no,name,col_2,col_3,col_4,col_5,col_6,col_7,col_8,col_9,col_10,col_11,col_12,col_13
,,DAMAN,2,0,0,0,0,1,0,0,0,0,0,3
,,DIU,0,0,0,0,0,0,0,0,0,0,0,0
,,TOTAL,2,0,0,0,0,1,0,0,0,0,0,3
,,"Friday, October 21, 2016 Page of",,,,,,,,,,,,288 554
